2000
69596.2061
14816.5358
90769.6561
20262.1228
75438.5977
30561.3699
50989.1005
39558.5581
56643.2918
19548.0103
94307.1408
689.9697
20423.0859
4912.4080
55708.4987
47432.3352
50874.2530
1954.9839
67997.0208
59031.7896
35929.7397
97578.5903
42372.3461
16578.2087
29423.5820
72753.0147
86383.6548
59156.9604
57927.9776
74411.2668
65662.4385
3571.9546
76558.3492
32684.6563
66542.4024
3467.1601
91409.4590
41593.1635
68735.4060
12177.5219
88301.6713
3559.8673
77633.7253
85413.7280
9741.5037
82131.9948
97867.2727
26630.5973
30159.8454
2551.1242
72246.1955
51416.2617
85962.1964
88917.2697
5252.6108
33604.9436
70369.0500
33597.8614
58126.0560
74237.3303
77001.0179
70133.2208
24026.6889
72769.2909
61481.2872
74285.4953
37211.4710
44032.5809
56866.7941
17997.6687
22443.5883
18198.6679
68.8177
43772.1584
54799.0660
45687.1845
75067.7333
9863.5435
43930.0006
59385.6781
4249.3654
67852.1367
48905.5833
64856.0226
56905.7506
69827.2641
50710.7145
13469.4485
11291.9578
41512.1680
57519.2982
15381.5954
32472.9215
71881.4761
94841.6231
98059.0060
40850.5634
71038.3202
66930.0051
61576.1807
42953.4845
50016.9125
67277.1556
10524.5599
52285.4669
67697.5318
89259.7568
42424.9409
40207.3423
84641.7818
38328.8665
18521.1019
67351.2996
57884.5159
2704.6846
41815.2225
78574.9721
92734.4206
41125.7452
65096.4543
83737.1891
67170.9671
28902.0568
65288.1330
21210.2645
99187.3459
42682.8660
6916.4019
60368.6080
41844.6227
64289.8306
95643.3776
91657.5690
88713.5267
63227.5667
74119.6805
88218.9996
54637.1829
87491.5149
7958.6066
10487.7095
4455.2773
22086.5642
37.9489
76321.0437
45352.4959
14129.0668
59637.3666
37010.7849
94233.1178
92240.5726
24576.2443
6429.8755
83968.6681
18866.9123
44733.2642
62645.0639
3465.5954
67623.5188
97951.9155
33013.0567
38596.7877
5710.0663
11338.9942
18221.1211
39133.4671
64583.4925
25747.1765
87308.7564
93020.6620
18099.1224
40281.1844
74594.4436
48538.4138
59440.4892
93545.4148
45563.1829
45825.5470
29669.5605
93773.0874
45312.3240
82239.5695
8158.2553
16284.8664
60330.4284
6808.6070
53760.9964
61448.5286
93426.4283
8294.1874
12307.3762
47334.2664
10877.2512
56965.2603
87163.5960
80124.4726
2445.4863
47387.4523
47062.5279
90994.1585
11644.8148
58777.1373
84305.0957
11094.0123
69564.8334
74296.2420
87547.9078
96722.1962
24382.5202
13180.3450
95709.6621
30737.6088
11786.4838
75442.2439
17460.8239
39126.2371
467.8174
4804.2984
46088.6198
33542.3841
93789.1575
32744.8679
8781.7431
19047.0500
79032.0370
81232.5544
6928.4619
85423.3368
92517.1426
28291.0044
4505.2947
36758.8213
59666.0227
36205.5803
99766.3813
28106.8029
9415.5359
69470.3155
33233.1552
3247.1090
65211.0140
45519.3688
39410.1803
32608.8686
19346.9310
79006.5996
84063.2604
89789.2759
87101.2620
76631.9386
75795.3784
7179.0687
23415.5920
82555.7201
17319.8553
81057.8693
44661.8750
39701.7899
38713.0989
74226.9692
98975.1530
86307.3451
2513.1372
72022.3028
24974.3033
6264.3927
25667.1642
46870.3623
37673.6499
11887.8474
8551.5566
39921.2460
63138.6306
31406.5164
44336.0559
97255.0084
28114.8650
77247.8859
54111.6802
9889.2459
84856.3800
46707.4920
11613.3743
31173.6082
26081.4685
41155.5560
99654.4194
94066.9000
91894.5415
95453.2294
85235.8488
12223.2539
24571.3693
44565.1637
47877.0851
66952.3776
80685.2856
34476.0543
83481.3707
43197.5205
25911.3113
29496.9581
78207.2204
37076.4728
64949.9440
63423.8903
16849.4958
84692.3099
18473.7377
26174.2005
84012.6692
21807.9540
37817.1669
79601.9878
96132.0251
41849.9910
91797.7679
53825.3925
60624.5945
18059.9266
52728.8356
21098.3880
6960.7772
72095.5446
65555.3307
75709.9720
18341.5041
77307.9255
68971.0864
98825.7278
82307.9340
23276.8750
65156.0462
33973.5522
29333.5111
70700.7878
41337.4395
86389.7852
40354.0251
24827.1291
82332.1509
95007.1938
74133.2379
48261.2071
31581.5004
12651.5652
41787.7541
14820.1809
42318.8976
31287.9227
66519.1538
41265.6935
38524.4552
19102.2507
78131.3780
75081.3317
93104.2105
62198.6585
84499.0813
33988.2234
20880.6124
69153.0794
33976.7281
55309.7040
39396.5257
43867.4073
63357.9917
7499.6509
8986.9216
94139.0009
48576.1538
2103.6033
73905.5563
21833.4080
68647.1002
59165.1228
42610.6185
53911.9812
14158.5351
59948.8927
965.0605
3443.6717
60186.0288
4857.1913
24802.1745
23163.2446
84280.7999
75845.7986
19939.0580
98609.9208
23022.7648
28836.0993
4344.0011
68262.1443
57782.0392
84784.1648
88311.0085
18931.3228
47665.9276
15435.9910
10128.9554
52575.4586
77316.8534
82249.5812
7010.3864
63261.5548
15693.6182
22083.8830
52554.1261
4185.8219
31190.4791
95688.9678
20668.3772
41961.8653
22158.8230
82616.2124
99258.9213
27931.9026
59071.8367
11251.8725
88361.8677
84961.8567
25684.8461
46946.7760
51359.6279
76778.5353
10107.8625
63993.0984
62432.0511
23481.9655
4634.9305
41292.4711
32120.0074
98208.7240
90209.4843
40257.9981
63303.5480
89895.4204
12418.9304
91895.8429
44505.0733
32260.7071
16007.6591
47506.9010
23142.3984
58732.7337
46452.8595
14269.0282
95148.2155
51164.9797
42506.1775
41445.7069
95810.3346
59477.1999
44338.9988
75064.6838
28775.3123
73123.7436
58376.2556
35739.6679
14505.4844
1323.8341
1911.7659
17739.6824
42968.9880
27259.3857
74004.1597
32909.3314
66704.7515
91319.9288
46170.0114
29277.2532
23022.4849
49933.9759
31834.3338
2990.1297
78445.2329
65417.9574
52697.2847
90563.9807
81474.2346
45143.4616
75564.3371
81891.5445
36942.3248
17772.9527
74453.5607
76612.6853
96575.9934
57827.0434
50997.4644
8210.2509
34056.2819
92516.8255
56672.0779
3680.6407
91740.0165
79430.6651
82693.3295
49271.8190
63866.1119
41387.2894
47770.8094
90298.8835
28360.8473
75777.8272
94049.2715
99985.2856
10272.9572
43021.4502
6575.9042
14490.7192
36950.6088
96081.1933
90417.3650
81563.5418
4510.3640
42999.9064
15559.2779
40102.6741
1950.4500
76944.2748
68022.6299
6493.5835
29838.9805
87559.0838
65324.1270
78756.3719
73752.0301
66625.5139
52048.7499
85912.7148
36810.1153
5296.3849
78807.3490
8412.2306
84519.2864
11869.9083
24228.8005
52994.3292
20839.6950
95630.6720
98257.8918
87609.4340
21994.3018
63135.6599
23722.1987
60673.3606
36202.8288
98184.1632
45096.0636
17322.5618
29300.9571
71398.7192
41338.0314
65732.7303
33145.9639
48796.4876
91990.6059
47363.2245
64485.0647
83950.3437
26572.1774
54807.2534
6981.8404
48058.3708
44273.3933
32863.2761
64416.0444
40002.6099
82081.5834
77583.9305
84978.2089
10578.6693
78652.3243
32958.8539
34211.3698
87634.9014
58122.6816
15561.7881
11351.9770
85605.9023
71874.4768
58983.0732
63324.7172
16050.1525
3657.0293
13940.5858
63958.2014
94254.5717
52080.4581
98480.7564
85254.2164
11291.8199
6096.4291
3381.3986
28983.7380
17884.4396
43483.7422
62614.2853
83479.0160
17285.0544
12420.9467
35185.6513
29028.3066
53846.2761
93456.0809
85931.7150
9042.8643
86522.8666
40144.0455
84190.3529
1575.8554
85522.1453
15987.5907
29843.8884
49191.1902
1501.9404
30399.1166
54253.0126
27313.1833
56776.9570
78727.5243
67755.5289
31700.0193
93903.2111
79201.3869
25437.2528
73255.9019
79714.4844
32987.5526
75919.1706
36324.8674
49785.4440
92046.6610
37082.2351
8755.0525
64269.9845
23915.9085
2559.5227
71823.8513
97432.1477
84011.4698
84459.5699
89186.6506
9422.3496
18590.1790
42634.6209
5948.6334
65049.8122
90018.9678
8869.1843
41903.4647
73150.8289
41374.4203
53644.8152
32871.2313
47950.1320
87865.7225
33644.7033
79279.1052
70926.6991
62091.1288
20735.3099
66878.2306
54503.9277
9872.2401
15397.4928
10561.1648
59067.2688
37670.0028
12149.2539
15835.8892
10027.2007
71301.6655
13766.1065
76723.5158
44487.5386
57911.5135
74530.0650
2818.6898
60882.5726
48256.4799
11791.4798
93607.8679
30592.4592
69458.4689
94111.1848
65164.1563
23385.1721
66784.4057
23811.6627
43618.0295
18930.3856
46205.7533
48601.5268
75407.3820
44327.2524
44080.9791
19416.9199
1373.2984
11748.3643
83556.8309
84937.3340
4928.7239
80912.4422
68438.8984
49870.1040
29980.3930
92248.8470
24219.2882
79864.5427
31913.2027
74644.4341
16465.6692
31006.5180
75516.0948
23000.6454
1345.0818
55720.6551
30862.4422
4483.1863
17204.8685
44757.1994
64751.0532
19102.2543
76754.8403
41905.7605
43716.5347
29632.5224
88122.2945
60715.6260
813.0022
49432.5908
87931.0410
60879.3331
36335.7394
418.3312
36020.7972
86406.3651
6247.6758
23437.3412
53430.8552
68027.3507
93360.6383
62132.1845
27389.8452
23714.4313
29811.8299
63397.2191
12172.1325
95504.2148
51262.1044
31613.8128
82703.5290
48876.1935
998.3133
97982.2171
86224.5601
37207.7157
23749.9523
54966.5925
16009.9152
8302.4799
91327.6959
36120.6152
1331.6337
90832.8198
66435.5216
98961.3028
17029.4328
93272.4466
93512.0039
4795.4097
63953.9791
49330.5324
29323.1450
76872.4357
77237.8806
3639.4018
63778.8196
86294.3570
30259.9977
39596.9370
75801.7249
852.6939
91879.4531
56645.9424
48801.3820
72481.6140
40316.9093
43136.3698
78255.9366
83959.2296
95387.5245
14098.6821
31023.0658
10478.5348
85201.5660
42659.5759
59642.5009
20776.6090
18391.3639
73483.4474
72773.6270
71099.1327
58118.2575
11190.1183
4060.4192
1154.9269
32714.9549
91294.8568
7784.1096
85300.7996
62739.9010
2378.5050
51530.7169
72870.0941
6320.2306
73936.0761
75851.4644
81527.5858
27753.2247
85055.9502
36542.7958
9498.7262
49840.7644
64122.9043
47777.8970
57179.5341
8202.6690
24703.6629
22280.2386
81878.9033
63246.7864
44873.8612
8469.8521
46076.0812
98837.3629
65849.6195
89966.3377
82133.0211
86290.2965
79291.7240
70894.0517
82035.8901
68261.1785
12244.2982
22191.1690
43776.0448
10341.5947
35702.6954
95325.2401
2426.1451
82217.7224
5381.7233
68967.2806
22394.1430
19511.0795
19408.6356
34433.3368
22866.5315
16662.0960
62827.0069
13228.4815
67057.6686
42038.6951
18650.2960
98695.8833
12223.0391
32319.6408
74126.1657
26970.1124
38345.1755
15328.5757
12531.6183
23184.7778
53609.7377
72418.4082
29920.1458
40485.3437
85395.3946
34129.5181
84122.1419
475.4146
57381.4269
87277.8005
57896.8575
81171.4334
79035.3718
62137.4647
32839.0763
17651.0385
52425.2095
5377.5577
19502.4561
29410.9784
76938.2851
98255.4191
15474.6348
19570.1109
54096.0607
82705.6471
38343.7432
68662.8275
80264.6031
63364.2644
24807.5091
63956.7291
61665.0764
67528.2850
6413.8768
92208.0046
5481.9950
38826.4547
78938.2454
42207.4725
8585.6565
11493.0296
99131.4866
28228.3340
43599.1110
63335.2418
7968.4540
57254.9876
73348.2111
60177.3206
99280.7166
37873.7996
97875.7847
47487.8026
81522.5482
125.6820
71340.1096
76765.8067
52631.5382
23493.0158
61808.8648
47812.3564
67280.9852
73721.5900
23460.3975
12089.1932
62527.9712
88000.3500
63227.4576
9415.5786
63827.8911
87857.4032
49000.0967
54853.0763
99659.4597
48354.3893
92059.6325
88728.4540
95033.2311
76089.9367
4359.2064
60003.4687
14615.0044
18887.2200
39376.0145
3071.5975
34165.6787
62959.1266
90133.1726
89731.1376
52748.4821
54404.7766
82294.5192
26829.7463
5751.1932
90675.2402
9284.7192
61776.7714
79062.2952
97168.5362
65034.6370
62827.4448
73218.3972
64409.8320
28330.1877
84904.8531
2081.3019
27133.2451
76863.8438
5334.2526
62801.3481
76367.1650
37080.6930
74896.0806
76659.3281
16625.4629
68883.9139
78419.9085
59832.0659
36349.0344
27076.5134
57508.3713
90245.6384
16510.8937
69830.0628
31689.2853
11277.0354
89952.0390
45493.5098
14214.6746
47089.4467
67999.1067
27649.2551
47479.1735
26060.4417
31324.4277
83930.1285
40391.4961
76998.0464
18804.9579
21859.8947
53767.2552
14194.3024
53918.8519
67078.0905
60058.7230
31209.8347
32974.2389
50345.4326
85481.8780
97815.6554
80473.7454
65641.4153
55535.3043
88963.9779
87797.7096
11571.8111
71831.7182
25398.4034
77113.8368
21590.6762
79481.1237
12310.9259
12497.4900
60810.7189
32936.1690
8141.1682
51492.5111
41063.6303
82103.5874
78306.0820
28016.0277
90006.0334
92592.5178
60665.7226
66574.6995
93007.7959
12319.3363
76552.3836
30880.8958
28459.6142
59442.3203
67897.1624
61114.2307
54421.6483
33232.7454
88231.8049
98259.8449
33799.7968
54217.7478
52787.0129
5105.1566
499.5578
63516.5141
97361.1227
6501.5724
82802.4802
79360.8869
8352.2022
2176.8636
87081.5283
6835.5811
78699.9246
69980.4015
26898.2007
37536.3921
27096.0207
38055.9593
89243.8639
3242.6327
58414.7469
83687.5527
91501.7786
24621.2269
52306.9199
79521.0143
52478.7434
53941.8141
81516.9393
79685.4987
22510.4662
62627.8516
53270.8690
52661.8999
78631.9976
79135.2254
41389.7605
15376.6184
89439.7104
26483.1227
43812.5617
19725.1469
92016.8526
5180.6737
37094.6605
51873.7817
13166.2328
94960.7831
9776.6164
72171.3526
74637.1215
28957.7244
14671.3497
72043.8588
11190.1263
51706.7269
97699.6430
62153.3451
97352.2750
38927.9649
24516.2826
39854.2412
41042.3844
20487.2400
61089.5529
61351.9020
54941.0774
2900.1237
97824.7487
75872.1726
54896.1255
78258.5661
32058.6394
91550.7943
3189.8692
4840.3280
39392.1086
75373.3443
45286.5402
6488.3704
24369.2656
49272.0991
59732.5316
23367.3320
90487.5556
37811.8119
64831.4325
40456.7616
11038.5546
50513.9760
58268.6021
68781.3989
79123.1726
79039.3157
36476.5872
73552.0122
40481.8202
36049.4632
79388.3118
52811.7610
66945.0351
22937.0213
88118.1755
77662.3998
11844.2244
90529.7923
76932.7696
10221.7090
61857.6939
28148.6057
96437.5935
65204.7893
23013.4136
49651.9906
85324.7943
5571.8365
66821.1345
5477.8880
15161.3549
11744.1572
60131.7918
41858.6504
42611.6366
40264.1601
56078.4902
29814.1121
50579.3383
61256.0180
69619.9690
37253.8435
18299.3036
46016.4211
81519.9300
97519.1799
30683.5365
74450.7086
7514.5661
57071.6580
9400.9065
64905.0546
18572.4875
5019.8063
84422.6042
1970.1723
75991.3395
26259.1759
7888.6561
93777.2076
37060.8972
65986.2414
53214.9867
77275.7200
3144.9801
41096.8682
58991.6633
30646.3559
562.9414
80907.7536
60988.7470
80450.9334
23364.5509
25254.0433
77510.7212
34040.5893
41238.8712
90728.6529
8579.3760
95015.1189
75753.3139
5503.5593
28988.6786
63607.3481
7527.4987
24871.7508
27708.9584
4594.8665
65698.8725
8768.9413
26849.3547
94792.0165
42487.6216
44222.7116
50885.8913
68716.6303
80765.3031
42459.3115
45865.5789
96611.9982
44477.3290
64280.0030
27799.5446
11479.4272
96693.4325
80729.6535
82849.2561
47941.8786
83389.3570
55629.2724
46101.9660
77767.9892
57212.8786
94323.6095
91040.8827
698.1707
36879.2932
46233.2503
68718.3715
647.3278
74797.9760
13916.0488
66483.6247
6785.4541
65684.7275
35277.0141
24883.6379
14583.1407
90378.3115
52876.4006
41036.8190
2329.9832
28928.0904
98080.4606
92385.0245
8027.4040
1115.0017
68964.4295
75685.4839
24462.5131
8783.1890
44289.3980
77253.8646
58296.0688
461.1020
62155.5623
33969.8013
91081.6163
16909.2691
67444.0920
97007.8542
33661.2698
18981.5816
24669.1014
13234.9816
26626.6765
20784.5386
30756.2696
91692.4707
58881.1803
50699.7328
62364.9542
50344.9848
20361.0089
58709.4169
52558.8171
56208.0097
43074.1576
55808.0963
21385.4175
44088.0764
34661.1162
39299.8809
61731.6938
27126.3149
21764.6136
54888.5915
89551.8255
38111.3482
26384.6783
41770.5213
42698.7707
32975.0283
46603.9025
68455.3996
98725.4118
9682.6292
48459.2157
16282.9167
96546.3896
36325.4097
45143.1506
99263.4658
55603.7336
68515.7720
98947.7195
86054.3153
93530.5474
57555.1640
87175.0702
79586.9668
73832.6025
55943.8814
82447.1068
77525.5571
71266.5566
77216.3794
78809.3573
39588.0215
72109.2339
41649.9404
73822.1647
64598.7972
48754.7864
22385.7603
56405.4439
75521.7104
88814.7417
29070.7343
44783.7148
52569.1494
27669.9137
82182.0161
16807.0029
7542.6239
38938.9326
14433.4772
78714.6422
48481.6125
19146.4883
82683.6954
11142.9243
78056.6354
3146.7355
26170.1262
53528.8579
12059.2799
45353.7960
73463.3430
71260.4133
64202.5959
12722.8275
39749.8842
95847.7812
11159.2329
51264.8395
48836.6993
355.5437
35920.6721
30988.7861
83258.4222
87854.6300
1097.7610
40416.2502
29052.6988
36690.4321
95226.3630
95093.8018
93665.4437
54195.5415
29512.6001
78563.0261
62855.3265
11065.7940
77011.3051
43519.9756
7195.4860
90244.8314
65656.4707
9723.9564
76054.4184
4098.5330
31247.2508
10347.5280
89859.0177
83376.8347
91085.0095
36177.8524
56595.7206
53948.7998
39321.2920
45775.8179
41173.8663
44694.2367
55713.2582
87485.3856
11785.2908
43336.9831
68926.8926
79471.1317
30089.7408
86531.4319
95369.7118
66829.9916
31111.7890
71693.1053
27881.1595
81721.8904
43497.2719
74444.6159
34821.0747
3403.9280
88471.7834
79658.8406
45740.9776
40914.6218
29423.3796
21174.4518
86201.0730
9799.9562
3323.0316
218.4533
97786.3336
89027.8547
72156.9605
20573.7942
24605.3859
1912.2444
86907.2228
97425.1548
34135.5289
80743.5311
4898.3991
6571.7943
1205.0231
20697.2497
23853.9376
86080.7160
39454.2685
18181.0039
79581.0731
55195.4586
1371.6606
76320.2817
96758.8978
51141.7531
56856.8568
23422.6113
87224.7392
41633.9435
41758.4801
56276.0619
22224.0405
58757.0531
14362.3122
94282.7355
92013.9752
13185.9179
4713.4771
60738.0561
98845.4237
82364.0641
85848.8196
24648.4744
12329.1161
29410.0475
4457.2906
97770.2065
89380.0421
25476.8723
54106.9847
45342.9123
89818.2552
1631.4536
10350.8329
64808.8124
42875.4471
29228.2907
62418.0015
19289.4155
57790.8233
28013.1504
60126.1049
16233.7829
5463.2467
18246.6009
51955.1082
2660.5003
19615.6685
49908.3124
60480.7720
53506.4425
64676.7570
76735.8620
85158.7992
36220.6754
48941.5565
41761.9946
21220.8265
37787.0310
23819.9139
11466.2528
36164.7164
76094.6959
97569.2380
80085.8028
72453.7466
2122.3357
17728.5948
94322.3829
96082.8771
20919.5746
70550.0368
12841.5980
11789.8708
43420.0089
79997.0561
56709.4562
23511.4589
74190.7412
87703.0310
76698.9030
84425.5656
71016.5404
9497.3038
86272.6467
70849.3444
53670.7960
41121.7118
42342.0074
38414.6230
80028.9724
46834.2208
44589.5540
20724.9491
88460.3898
53564.8913
37324.6140
70041.7070
65927.9925
68622.1263
37937.1252
76142.3198
61638.5546
4242.0534
51103.9628
82187.5300
97801.5192
37484.3557
53388.6473
14517.1277
84773.6760
93597.5569
81429.0317
76616.4611
30693.2753
97316.2892
89505.8182
45524.7979
1615.2455
73603.8893
63984.1175
2692.3782
94526.1317
77770.7152
70542.7228
95477.4848
69650.0270
74022.5590
80002.6333
85578.2256
81230.7287
43219.1101
75898.1482
61526.3887
73709.0495
63249.0934
55858.0127
15593.6932
57655.9632
59587.9169
43549.0137
15851.6797
68502.3472
9397.4634
38313.2800
11838.0336
38141.7774
11886.9131
71451.8096
1009.3396
93800.9377
95562.9490
98862.5573
40547.0747
26380.1593
86808.9304
58857.6939
64963.5608
55241.9000
69931.3240
19548.3047
53963.7283
49556.7001
3949.3677
68421.4473
47478.6091
72003.4400
5123.0713
76647.3837
78291.0061
14314.5058
29783.3940
99868.8636
47797.7727
62460.7063
46455.1012
6253.9481
44887.0443
63216.6230
49935.0420
35852.7448
51908.4978
33608.6566
39218.3502
10368.0374
84153.0087
11206.8171
17860.9448
40700.3907
73217.1966
3653.4745
96964.1898
24275.9266
37015.3408
9057.9386
34705.6679
31944.7417
82685.5292
67650.6400
67630.8958
76288.9438
42204.5337
77072.9253
23010.3999
50223.3588
68960.5287
51850.4595
1302.6060
40553.3350
66988.0316
40440.7777
45532.2279
61172.0775
94938.3684
70814.6610
3483.5064
72305.5608
61935.2944
86045.3771
76293.3728
96990.0148
53946.6318
81628.4913
13435.0682
19456.4144
91572.0596
35716.0327
7101.1698
1141.7054
52269.3318
20939.4469
40142.1691
80398.8949
85092.1771
30153.2129
99961.8574
36187.9767
67155.8063
80282.0460
91345.8143
91666.9549
1369.3870
77638.7364
77055.0304
26351.5349
66463.3976
82927.4106
32807.2774
89745.3945
79435.7796
21795.1441
79977.2829
29601.9600
70527.0208
87146.8438
13412.4810
49246.4372
22935.4678
53609.4987
46998.5798
96717.6012
71215.6469
46729.3357
10606.7560
32197.8523
39480.5335
11266.8514
58255.2758
52231.3023
63557.6370
81857.6182
96501.8765
70645.9625
84992.8349
17783.3664
35564.1300
52589.1980
55325.8487
13762.7595
72424.7741
82976.3434
15811.9712
65245.1969
5834.4544
48525.6153
22705.1298
16012.6928
34080.1610
40215.3910
37537.5619
50207.8433
14717.3865
33517.2473
47880.3594
48754.9665
40852.8847
43172.5964
23388.4005
17985.0419
67514.3305
83503.1603
8528.7800
80048.4016
82727.9302
4354.9763
69646.1621
4606.2876
57715.0200
21177.4898
816.1046
72670.2553
55258.7753
55129.2379
7269.9720
21215.9091
33256.8103
42038.7226
86625.7867
73316.1986
792.1187
53272.5876
43335.0098
29632.0612
83192.1045
88597.2274
72896.1690
63147.8873
48436.3231
33360.9945
22232.8825
20569.0796
33788.0052
91896.9777
64902.5086
98945.8089
24510.3275
14324.0414
34860.6691
77596.6599
1960.8984
32237.1157
62049.4116
25279.9177
51304.1110
92205.1159
46299.8854
40031.8243
60636.5600
37572.4915
53924.0514
88551.7847
56601.1072
56712.6822
2374.7418
97937.2191
25225.8312
50296.8714
18275.8002
59325.8091
39181.0174
72083.7396
76127.8624
4827.1932
56850.2197
65458.4615
27473.4012
576.6373
3357.3781
40552.8883
31373.2922
18785.8437
74989.7881
22473.6702
14083.2695
4855.9486
5729.8049
71991.0102
31104.6593
51049.5205
67704.1165
6172.2558
40500.0095
29965.5784
18526.6434
57077.3611
1713.1238
29673.6732
36579.2601
8042.8404
14771.9821
1456.4191
54080.7070
52833.8757
44362.0843
23729.1951
29459.7464
18058.0533
83954.3942
82333.7386
73467.4803
43337.9793
22811.6490
80579.8619
55706.3577
81264.4279
44160.7958
81169.0121
77583.5422
46909.8583
11817.7639
15375.7549
12062.3438
60365.6353
13796.0271
2671.1377
3698.6364
84949.5612
64125.6444
3715.6805
98284.1315
66146.3203
49640.9878
76841.6997
91969.0200
25980.4494
58565.2154
90847.6839
69450.6632
80577.2385
11234.4226
30877.2674
66353.8672
67234.1568
55121.6162
98602.8956
31382.1558
19972.8468
25166.0171
26293.2916
49806.6862
7169.7648
92490.8633
10967.2090
22402.8375
85525.4633
10007.8723
231.2041
29458.7294
2529.9707
7615.0924
28483.0181
44048.0814
34825.9151
34491.6166
48027.9398
29271.4310
22979.8054
59975.7538
46005.3346
51197.3331
55758.4473
87694.9836
76660.7467
15322.4220
59249.1734
26657.8372
24697.4678
252.5500
74218.2159
4172.6985
92727.1848
12923.5267
70855.2906
14157.2273
12114.1855
60088.6099
76359.7074
12639.0667
82484.2013
19688.0460
76886.9867
24975.2001
51442.3172
37115.4975
29454.9926
38737.7375
25613.9166
37858.4845
54823.4424
89831.5118
72706.0203
68237.9532
45583.3491
70311.2780
4190.7728
88314.3874
83764.7602
50416.7899
69436.2269
49123.2572
13426.5013
41195.5662
58462.3501
67389.6667
6097.1819
38351.6814
42860.0002
18678.3360
42369.7332
52378.3926
26647.8832
95837.7642
3648.0018
22633.9386
